	Hyb01cy3	Hyb01cy5	Hyb02cy3	Hyb02cy5	Hyb03cy3	Hyb03cy5	Hyb04cy3	Hyb04cy5	Hyb05cy3	Hyb05cy5	Hyb06cy3	Hyb06cy5	Hyb08cy3	Hyb08cy5	Hyb09cy3	Hyb09cy5	Hyb10cy3	Hyb10cy5	Hyb11cy3	Hyb11cy5	Hyb12cy3	Hyb12cy5	Hyb13cy3	Hyb13cy5	Hyb14cy3	Hyb14cy5	Hyb15cy3	Hyb15cy5	Hyb16cy3	Hyb16cy5	Hyb17cy3	Hyb17cy5	Hyb18cy3	Hyb18cy5	Hyb19cy3	Hyb19cy5	Hyb20cy3	Hyb20cy5	Hyb21cy3	Hyb21cy5	Hyb22cy3	Hyb22cy5	Hyb23cy3	Hyb23cy5	Hyb24cy3	Hyb24cy5	Hyb25cy3	Hyb25cy5
id1o10E5	1716	3983	3562	2030	2154	4288	4355	2248	6659	6964	8868	4378	8450	7812	4440	3794	2885	3422	2517	2364	3407	5003	3132	2875	1526	2238	2753	3282	2436	2520	2477	2170	997	1794	2769	1211	1476	2231	881	2526	2104	1984	3051	2856	2096	1954	3126	2851
id2o10A5	338	1091	858	461	675	1527	1248	491	1497	1305	2635	1466	1714	2171	1211	851	587	702	380	526	953	1581	1044	1086	578	975	602	623	783	764	556	625	381	610	661	357	438	657	309	694	701	567	933	835	1173	961	820	961
id3o10A8	1257	3119	4062	2262	2418	7637	8282	3595	6391	5956	6178	7097	5727	12899	7133	3199	6044	7508	3917	4197	4862	5338	1293	2353	1450	3138	3324	2275	4201	2132	1622	3196	1699	1305	1827	1895	2251	4085	1760	4197	2424	4009	2764	2205	5087	1752	2138	5548
id4o10100lambda	23117	12881	15802	4013	9990	10505	6163	7584	13840	12289	8208	11332	6392	7278	15585	14850	5424	6949	3645	6252	11379	36663	7775	2818	6942	5704	3662	5530	4340	4648	4754	2166	1636	1229	7844	5975	2363	5126	4467	6155	8114	7419	9564	6559	6458	5079	6696	8340
id5o10200lambda	49638	32419	53446	12054	19220	21973	14679	22267	29240	27202	14252	21695	21759	22092	31202	31380	12490	19275	8646	22865	14012	65535	37773	13100	33570	19433	8622	14879	9755	11023	22806	6341	6046	3135	16266	11367	5664	12246	8729	10768	27270	26244	31018	25533	26372	54363	19056	19734
id6o1050lambda	6800	3483	9263	2112	3064	3561	2869	3056	6272	5327	3302	3838	4270	3537	3673	3027	2725	2710	1250	2405	2034	4800	3360	1265	1924	2042	1426	1805	2329	2063	1592	1473	965	1047	2368	1932	1122	2359	1009	1698	1876	1872	2537	1967	2911	2504	2140	2960
id7o11B5	1085	3372	5250	3638	5603	14624	13394	6426	11433	10801	9646	11061	7967	16881	9541	5000	7999	9538	6526	8056	6409	9033	1573	2710	3295	5909	5502	5374	6133	5837	4086	4789	3430	4809	4650	2760	3621	5480	2611	5928	3453	4672	4988	4768	7066	4680	5594	8776
id8o11D1	660	3256	3430	1165	992	4029	2982	990	2512	3982	7145	3184	4735	6214	3735	2827	2238	3696	2149	1765	3181	3905	2295	3927	979	2139	1713	1580	2704	1608	1427	2837	786	1073	1121	684	647	1891	682	3177	1388	2295	2035	1987	1948	1310	1504	2340
id9o11D12	455	860	945	485	805	1525	1841	819	2058	1971	3784	1502	2443	3086	1224	1102	845	1093	791	1145	886	1547	615	568	613	795	1021	1127	944	974	783	836	498	951	821	493	789	1049	494	1054	1007	891	1306	1212	1062	885	1301	1481
id10o11F8	550	2696	2935	1103	566	1626	1770	542	1533	2533	5973	2470	3654	3151	1376	2015	988	3078	1430	864	2860	3427	2291	3636	553	1517	1293	797	2043	885	670	2300	749	744	599	554	551	1138	567	2496	1122	1636	1925	1899	1359	963	1034	1440
id11o11H9	1280	15090	20063	2145	4336	16841	13803	4623	7143	64050	48718	7067	42598	17008	9018	27499	8591	43327	22218	6023	14942	29878	7154	7855	8572	17478	18499	19993	17165	18810	19859	17299	1962	21853	25460	1829	3064	7506	1719	26521	14827	16995	14307	16153	5738	20394	17468	6410
id12o11100lambda	27564	11382	30198	6666	14151	17049	6286	8440	18671	18674	9044	12834	11125	10358	19220	20083	8763	11615	3378	6148	11067	33487	13720	4011	12341	10455	4977	7459	5243	4426	4915	2544	1574	842	7552	5886	3558	7406	4520	5935	10579	9448	16558	13393	13644	14869	9274	11286
id13o11200lambda	60021	36846	59854	13904	21305	19356	14570	21556	33016	31693	16604	24680	24076	22928	31582	42683	15091	24771	10549	32135	14944	65535	34314	12724	39346	28603	9319	16194	10445	11840	11113	3956	8117	4526	15632	13401	7100	16080	9379	13673	19451	18585	25301	25910	23630	56895	16864	17425
id14o1150lambda	15809	9901	13898	3398	7949	7894	4884	5171	14787	11879	5206	6116	6531	5385	7146	6689	4128	4657	2071	3448	5664	16937	6229	2687	5070	5133	2676	3467	3636	3264	2859	2227	1362	1077	4150	3363	2245	4585	1996	3144	3880	3753	4349	3318	4325	4159	2753	3475
id15o12E2	714	2815	3425	953	623	3595	5060	1671	2149	7004	4256	1188	6375	8578	3846	4319	3194	6310	3118	1762	8610	11116	2596	5320	1191	4782	3505	2274	4150	1630	1483	2134	561	542	3281	495	691	1935	610	3662	2524	3438	2261	2569	2480	1555	1106	1676
id16o12E7	10703	44617	35412	11140	10787	45067	50583	21538	48095	65535	37045	28139	37567	65535	53043	29417	39389	58375	35537	33540	50994	33770	9178	17500	3673	22509	29958	9173	38349	11308	10572	19982	5243	3539	12885	5121	10691	21185	5915	22826	16275	25145	18481	12033	14863	5221	10535	19984
id17o12A4	292	1066	1006	631	604	1707	953	476	1065	900	3265	1310	1839	2294	1235	963	616	729	337	491	898	2194	1250	1077	682	997	580	725	688	813	738	647	432	628	665	325	376	673	405	796	713	607	1209	1137	1002	980	1074	1093
id18o12D8	980	1537	1656	1312	1148	2447	2210	1786	4800	2477	1996	3216	2151	3783	2826	2179	2108	2230	1139	1915	2710	4292	984	994	992	2449	2178	1590	1692	1295	749	869	790	551	892	775	1569	1365	1021	1272	1567	1323	1545	1280	1259	556	713	938
id19o12F1	938	1265	2105	687	464	1752	1775	978	1342	1145	1758	514	2782	3645	1364	1478	944	722	910	791	1996	3615	925	759	639	1210	864	966	2208	590	1294	559	440	211	2980	382	490	1057	390	819	1328	1327	985	870	1123	871	770	709
id20o12F11	1381	3710	3474	1184	733	2870	3405	1134	3310	3943	3345	1527	3657	5669	2252	2437	2350	3368	2083	2313	4348	5068	984	1257	1526	2897	1846	2516	1994	1673	1259	1569	539	900	1671	491	1077	1723	662	2104	2047	2703	1720	1447	1495	966	1273	1441
id21o12100lambda	29808	17119	27001	6192	11322	11564	8270	10579	20003	19260	8011	9559	11015	7885	15174	14645	8598	11958	5169	10415	7976	16480	10861	4825	9681	10325	4067	6079	5793	4824	4175	2717	2359	1658	5842	5596	3430	7751	3927	6287	8500	8325	10506	9956	12631	15740	6040	5405
id22o12200lambda	42303	24329	50402	11353	12236	10978	11131	12650	26508	24323	12396	15913	17293	14646	19444	22362	13563	17264	7339	14646	13691	57184	26316	9020	23427	18972	5584	8278	8349	8280	9818	4642	4461	2148	8075	7282	3675	9009	5617	9804	18889	15053	16616	18795	15933	41861	9676	11700
id23o1250lambda	11277	6415	12851	3295	4325	5752	5455	5863	9295	7721	4656	4658	5396	4692	5824	4847	3651	4309	2107	3657	3236	7683	3790	1629	2181	2039	1986	2657	3237	3055	2549	2389	1446	1485	2401	2363	1852	4076	1601	2950	3555	4302	3534	3262	4376	4582	3321	4199
id24o13E11	0	43	27	0	0	299	105	0	0	0	285	0	268	456	49	0	0	0	0	0	113	3	178	132	131	109	126	66	700	164	380	125	168	85	831	52	110	142	73	123	160	79	155	62	734	415	150	115
id25o13A3	16242	5761	21536	1886	1618	6341	6493	2735	3035	35806	17765	2354	18324	8757	4114	16256	3370	7411	3553	2326	7950	35203	9525	6465	5891	8790	6001	13276	3641	10917	9282	2245	634	5184	9667	530	957	2579	694	4304	7481	4431	5964	7268	2598	12246	7495	1804
id26o13A6	1350	2064	1843	1138	1568	3443	4274	2532	6071	4599	2274	3065	2412	5025	4536	2532	3268	3204	1747	2125	3884	4214	965	1328	1277	2429	2320	2205	1468	1471	1028	1044	676	677	1328	861	1555	1817	894	1509	1620	1547	1732	1409	1595	850	952	1247
id27o13A9	20157	18480	23007	19548	26615	27786	30380	29667	46853	33820	26297	21063	36700	34630	29968	28623	25271	28268	19213	10346	32940	37085	15166	12840	8686	12780	13678	13528	16459	15000	19069	8799	7885	7620	17797	7470	12142	11029	8674	13419	17957	15151	11177	8174	14655	16082	15063	10345
id28o13B11	981	3059	2838	1122	1095	4811	4733	1540	3891	5426	3105	2151	3385	7523	4292	2712	3481	3966	2247	2554	4292	4793	1132	1530	1522	2810	2260	2368	2194	1841	1283	1401	537	886	1268	481	976	2261	598	2026	1904	2220	2025	1793	1844	1211	1258	1895
id29o13D4	9917	6154	14526	5184	4534	5791	7975	7272	15592	11250	6514	7943	8723	12394	9541	7225	5999	8187	4376	2715	10321	13371	6996	6958	4124	5314	3721	2867	4039	2258	3528	2109	2169	1075	4197	1918	3029	2835	2896	4158	5218	4476	5789	4693	5214	4539	3753	3777
id30o13D5	1068	2344	1789	788	726	2376	2467	1078	2887	3684	2598	1635	2902	4459	2316	1947	2424	3224	1473	1011	4157	4662	1083	1220	1763	2873	2053	2153	1843	2275	1235	1039	524	973	1315	405	1026	1366	586	1392	1903	1772	1795	1542	1545	1175	1468	1332
id31o13F10	370	690	754	378	428	888	1177	684	1717	1740	1453	751	1580	2381	1279	1608	702	920	427	365	1492	3077	402	290	893	1255	1089	1225	883	943	569	409	311	360	690	269	623	969	417	784	1065	787	1272	1020	1046	674	800	605
id32o13F6	508	755	825	625	678	1198	1404	1221	3005	2264	1532	1326	1616	2113	1580	1642	943	1167	542	425	1360	2466	529	426	1124	1607	1292	1371	983	1135	695	543	488	535	818	481	945	996	637	871	1168	834	1310	1061	1134	743	885	683
id33o13F8	888	868	1454	959	898	1390	2195	1346	2866	1272	1733	1735	1680	2974	2220	1633	1623	836	564	802	1665	2500	988	733	707	925	884	976	1500	770	587	601	379	297	561	513	759	1120	561	875	980	807	930	845	1178	613	624	733
id34o13G1	918	1068	1420	1562	2000	2133	2323	2782	4456	8050	5213	2688	5687	3109	2356	6377	1594	2158	1082	772	2506	11870	3492	1889	3252	4017	3059	5635	1969	5065	4118	1110	608	2596	4136	1156	1241	1156	965	1438	3169	1626	3218	3280	1255	4709	3513	857
id35o13G3	1044	736	917	2192	2273	1684	2402	3913	9064	2794	1922	4570	1636	2666	2694	2072	1919	1716	988	988	1480	3058	604	485	850	2197	1786	1008	1319	862	539	661	1239	323	543	1468	2494	1631	1371	1080	1217	914	1424	1113	1250	512	666	1060
id36o13G4	939	1380	1954	1561	1527	2027	3141	2394	4833	3885	3975	3132	4262	4464	2933	3188	2273	2374	1103	957	2732	4203	2215	1919	1403	2060	1957	2304	3016	1762	1440	1075	553	824	1642	872	1099	1543	818	1610	1726	1657	1838	1708	1528	1301	1318	1044
id37o13H4	872	1534	1862	875	1361	2716	3524	1569	4574	5456	3414	2231	4157	5265	3176	2929	2443	3131	1831	1027	2167	2586	744	563	1274	1747	2213	2165	1994	1977	1562	1009	408	665	2204	663	1295	1623	706	1418	1916	1489	1664	1287	1398	948	1448	1012
id38o13H6	555	686	1260	777	997	1825	2058	1201	2922	5018	3683	1805	3292	2824	2132	3225	1501	1730	694	710	1667	5788	2019	1498	2097	2417	2020	4096	2177	3661	1990	755	317	1286	1896	476	731	1123	519	1147	1711	1266	2000	2133	1273	3081	2057	877
id39o13100lambda	10945	4963	10471	2059	3193	2926	3630	3485	6022	5582	4245	4710	6513	6788	4237	2856	3578	3976	1856	2501	2986	7850	2420	835	2555	2118	1982	2563	2577	2572	2646	1046	979	635	2803	1758	1294	2369	1789	2212	3022	2554	4130	2671	4524	3576	2964	2788
id40o13200lambda	38420	19398	41683	8948	14939	14871	8743	11333	22916	20764	12683	18094	14659	13794	23884	19134	9350	13653	8159	17460	8425	34945	20673	5940	23801	12205	5459	8053	4120	4231	8510	2056	3594	1840	11541	6069	3844	6437	4707	5144	16040	12460	11378	4522	13079	16126	5492	4063
id41o1350lambda	4040	2107	4846	1120	1765	2198	1433	1382	2649	2903	1778	1956	3485	2975	2399	2048	1476	1362	1064	1484	1258	3345	1265	533	1283	1264	936	1143	1336	1192	1277	889	832	769	1532	1111	821	1438	850	1202	1581	1386	1690	1234	1190	956	1369	1507
id42o14E10	12981	6083	8434	11313	22666	11035	13872	17821	49677	10455	8396	22528	12071	17192	16795	7926	12679	10365	8411	4868	14925	11284	3704	3688	3373	10336	8048	2500	10682	2919	2865	4839	7507	1141	3548	10424	11813	4097	5894	3419	7811	6571	7166	4224	9103	2761	2833	5405
id43o14E5	3715	1286	6520	949	648	1538	2535	1307	2615	1843	1258	1351	1652	2974	2158	1844	1479	1279	872	978	1691	2405	514	384	1077	1635	1078	986	1321	807	528	644	397	288	517	432	976	1592	575	1068	1139	945	1214	948	1432	700	755	877
id44o14E6	1108	1366	1895	1608	1862	2491	3023	2300	5292	3288	3558	3253	3258	4143	3506	3310	2208	2002	1050	1267	2407	4695	2131	1845	1086	2108	1785	1590	2144	1359	988	1114	566	536	911	928	1305	1552	977	1475	1589	1590	2014	1879	1608	1228	954	1234
id45o16E2	36	88	92	0	0	320	314	0	74	360	487	6	542	487	6	58	0	72	7	0	132	105	273	246	447	236	313	484	400	829	596	223	134	302	649	71	144	161	99	170	370	162	374	200	450	440	570	136
id46o16D4	2351	915	3381	399	817	1262	920	694	1959	1094	1301	827	1278	1697	927	699	571	667	444	356	811	1283	900	688	661	633	466	476	822	556	405	452	186	187	436	275	390	518	278	496	763	681	773	527	1015	563	538	500
id47o16F5	2066	5871	4549	3020	4351	8944	6800	4293	9077	15585	8537	7041	6464	6721	5025	5832	3973	6414	3313	2118	2645	5827	2812	3152	1788	2302	2819	4643	2465	4899	3640	2084	621	1820	5002	1476	1343	2144	760	2057	2035	1987	1669	1750	1699	2867	3119	2031
id48o16F8	840	1826	0	0	1691	2986	3552	2506	4644	5998	2985	2471	3487	3992	2555	2724	2207	3464	1412	1439	1038	2292	976	967	1240	1517	1668	2254	1040	1132	1430	1042	557	860	1521	649	1365	1770	867	1767	1473	1324	1365	1349	1614	1186	1630	1324
id49o16G5	320	850	1112	897	785	1528	1259	660	1927	1328	2348	1716	1799	1854	1435	1395	808	868	484	448	859	1688	1212	1002	889	1189	686	876	930	1043	712	679	450	575	675	441	552	849	479	903	830	752	1136	1091	1191	930	910	927
id50o17A1	1087	1103	1857	719	867	1593	1656	1138	2477	2099	2167	1430	1959	2160	1625	1386	928	1581	757	655	998	1595	585	552	904	1124	1217	1489	1269	1238	797	793	487	609	880	518	813	1006	626	1254	1101	1046	1549	1414	1492	1269	1353	1121
id51o17B10	939	1549	2730	1468	1580	2909	1869	1411	3908	4106	4363	3620	3038	3170	2383	2067	1481	2313	855	812	2181	4733	2229	2525	902	1840	1515	2028	1686	2384	1637	1393	595	1101	1328	783	1014	1496	912	1951	1253	1182	2148	2212	1944	2379	1762	1668
id52o17C3	988	2476	2710	2457	1950	3947	3993	2711	6244	8096	5680	3946	5458	5780	3342	3126	2659	3509	2010	1899	2482	4163	724	577	1679	1958	2860	3712	2366	3204	2274	1319	768	750	2864	937	1841	2303	1073	1902	1995	1618	2347	2166	2370	2024	2622	2150
id53o17D4	446	1614	1543	1098	1559	3718	2349	1120	2892	3077	3453	2531	2421	3494	2580	1716	1596	1881	743	686	2138	3944	1794	2273	1013	1859	1256	1232	1363	1465	1039	1141	524	797	928	548	776	1283	697	1508	1157	1061	1430	1376	1897	1504	1198	1611
id54o17G12	1384	3442	3932	2707	4164	10705	11874	4680	9733	7904	6163	6629	4940	11672	10258	4002	6735	5797	3862	4873	5629	6559	1017	1568	1974	3400	4333	3538	2721	2178	2092	2648	1908	1984	2301	1589	3047	5019	2012	4183	2679	3055	3318	2964	4425	1755	2667	5166
id55o17H5	1110	2858	2619	2449	2273	4620	3632	2295	6539	6711	5712	5052	5335	6427	3816	2552	2669	2497	1096	1587	2171	5289	2097	2007	994	1951	1548	1657	1607	1488	911	1190	853	635	1127	962	1308	2211	954	1606	1147	1074	1784	1799	1799	1240	1220	1964
id56o18E11	0	115	45	0	0	276	75	0	0	0	964	0	412	492	14	0	4	48	0	0	0	0	144	129	91	72	111	75	180	195	149	187	118	108	158	33	83	155	63	68	149	44	151	48	349	55	142	55
id57o18E6	0	90	0	0	0	328	180	0	0	0	802	0	350	538	41	3	0	0	0	0	0	0	151	157	117	92	171	148	250	288	165	165	143	88	197	38	93	193	80	79	181	69	174	56	328	68	170	61
id58o18A9	1188	1376	1798	958	1640	3941	3011	1551	3329	3427	2741	2498	2280	3785	2258	1458	1824	2633	1271	1358	1559	2992	2180	1294	1300	2234	1680	1765	1823	1916	1058	1194	775	1054	1258	717	1255	1607	805	1721	1359	1404	1843	1724	2231	1931	1544	1759
id59o18B2	1346	1329	1281	2873	4542	2967	2690	4478	8161	3994	4765	8191	3996	3431	3110	3063	1270	1290	834	760	1800	5632	2250	1593	1843	2593	2083	2732	1311	2759	2165	995	1249	1263	2264	2198	2287	1252	1752	1213	1986	1137	1824	1567	1782	3332	2449	1458
id60o18B9	141	988	490	53	520	2298	1736	360	1085	1149	1430	766	1182	2473	1518	598	768	853	630	566	750	661	609	965	399	618	697	529	867	650	627	850	327	380	700	284	338	637	238	673	728	850	616	434	1296	492	504	619
id61o18D4	181	1146	1012	268	537	1925	1518	427	1082	1304	2617	928	1696	3131	1848	828	790	1183	802	453	1322	1444	942	1654	488	982	727	626	1030	827	669	867	365	499	699	271	392	667	279	916	711	806	643	507	1225	726	531	583
id62o18D7	277	502	620	511	885	2449	1581	928	2063	1601	1846	1999	1685	3191	1240	578	976	1103	638	863	588	1371	550	724	504	1099	978	780	891	1099	704	965	625	731	724	575	662	812	458	712	768	632	734	635	1307	668	573	814
id63o18D8	135	861	541	59	226	1111	720	153	546	845	2047	254	1441	1801	565	408	262	493	419	185	366	537	438	646	289	469	320	320	499	508	400	549	169	255	540	166	224	342	136	495	377	359	387	292	686	440	395	337
id64o18F9	157	541	473	106	390	702	629	149	554	597	1403	366	1052	1233	365	327	160	227	173	147	261	636	288	289	481	501	429	636	443	848	547	366	301	531	654	166	269	451	221	412	533	328	629	467	655	685	858	474
id65o18G7	322	1130	968	478	687	2324	1926	711	1719	1700	2915	1416	2136	3820	1865	755	1129	1312	560	873	825	1686	983	1558	537	1287	874	823	886	959	787	983	423	517	764	453	509	884	400	919	679	669	732	658	1526	862	597	866
id66o19A1.1	6368	2699	10363	2386	2325	3267	3118	2617	5845	5763	6496	6090	5560	5282	2467	2690	2031	3804	2534	2538	2252	4997	1409	1416	2277	1741	3034	3078	2511	2808	2120	2348	1890	2435	2193	1257	1989	1863	1738	3046	2410	2217	4457	3040	3737	2683	3933	3390
id67o19A1.2	286	1105	854	385	455	1724	885	350	730	637	2548	1112	1882	2499	979	700	629	651	353	543	696	1394	891	998	361	584	484	470	774	671	540	747	435	400	487	333	351	783	426	864	640	591	999	968	1198	782	647	972
id68o19A7.2	104	331	241	149	507	821	782	269	934	728	1552	719	1315	1488	593	460	289	308	108	165	162	771	349	257	366	382	539	615	522	729	554	298	411	448	532	202	370	440	256	391	581	298	669	505	701	628	702	452
id69o19B1.1	802	753	1657	406	885	1241	667	533	1002	1000	2190	1046	1373	1383	974	684	378	583	398	399	684	1657	1214	859	842	712	423	512	606	758	654	512	370	383	779	305	319	465	344	590	690	424	1087	691	1298	1176	865	620
id70o19B12.1	778	1238	2162	809	660	896	2119	1044	1687	978	2489	1010	4360	4946	1852	1397	1304	1058	1292	1406	2050	3334	865	762	524	793	1126	1284	1793	747	1061	680	709	545	1364	728	572	1126	422	951	1395	1565	633	578	1666	967	569	518
id71o19B12.2	296	1149	2004	659	378	1296	1780	390	1307	1724	1728	729	2360	2768	1614	1638	860	1834	1276	958	2610	2492	1043	1347	773	1264	1607	1302	1803	747	1295	683	435	297	1633	290	535	720	396	1010	1409	1478	1661	574	1046	467	644	410
id72o19B4.2	516	1830	4309	1712	378	1569	3244	966	1323	1397	2702	870	2783	6450	2516	2334	1724	2401	1391	1836	2859	2680	921	1409	778	1291	212	187	2044	662	1487	821	385	252	1466	285	504	1139	388	1170	1671	2093	1267	695	1253	532	618	684
id73o19E1.1	7862	10775	13396	2938	2800	8755	21695	7543	9675	11311	10695	6276	13387	30625	15766	7599	13656	17608	8949	7733	16712	17562	4601	10742	3606	7382	5038	4602	8080	4525	5062	7371	1996	2672	4795	2419	2354	6325	2210	8663	4702	7446	3656	3740	6271	2028	2586	5423
id74o19E1.2	2737	3764	4230	3282	4208	3581	4612	5290	10252	15045	11082	5745	7829	3941	3757	11130	3233	4448	3636	2914	4690	17067	6013	2270	5298	6088	2396	3184	2602	5778	5417	1561	1436	4158	5954	1080	1977	1665	1758	3044	5962	2337	3798	2104	2247	10363	5561	1280
id75o19F1.1	16	287	336	0	479	745	1182	291	1079	650	822	305	898	1632	1481	472	654	437	500	363	926	846	443	456	346	463	405	366	725	325	537	370	342	205	787	290	348	579	243	515	500	562	416	345	1191	136	351	407
id76o19G2.1	0	262	1012	276	66	551	950	146	644	420	454	138	871	1430	802	653	396	596	376	412	1148	879	473	489	386	471	506	452	805	298	254	266	311	146	542	98	342	466	226	455	741	647	1042	306	825	393	355	295
id77o1100lambda	20206	9157	16717	2317	4720	3853	4280	4901	14376	13145	5055	5802	7929	7936	6881	4247	5135	6329	3684	4468	1566	3488	6727	1632	1375	1032	976	884	1636	1650	3840	1708	1835	1218	6225	3935	2542	4337	2504	2863	3195	2576	2578	1171	4527	3452	1752	1092
id78o1200lambda	0	95	51	0	0	493	437	0	0	0	119	0	175	712	121	0	136	0	0	0	4	4	123	138	94	74	104	84	138	172	490	150	75	70	611	33	77	145	58	122	186	93	142	57	459	223	415	95
id79o150lambda	7570	4171	9449	1824	3438	4077	3578	3847	6079	6543	3577	3615	5878	4462	4488	3341	2172	2284	1722	1969	2175	6285	1842	592	2392	1618	1846	2241	2721	2430	2709	1524	1148	872	2770	1713	1347	2301	1372	1659	2344	2126	2709	1808	1623	789	2123	1930
id80o2.15	752	1008	1105	640	674	1777	2061	1122	2722	764	1593	1405	1118	2653	1735	633	1167	779	498	985	1162	1310	613	604	256	645	811	381	1396	226	732	516	497	194	456	598	827	990	558	644	845	762	555	364	1027	228	401	525
id81o2.22	0	182	305	0	0	908	288	0	0	0	840	0	962	1917	354	49	189	14	112	65	181	62	210	267	145	151	241	210	695	213	403	269	183	91	544	37	96	170	175	119	153	91	256	75	1329	104	149	124
id82o20C3.2	1486	1516	2239	1969	1786	2724	6343	4223	5873	2260	2695	3016	4933	12655	4898	1683	4796	2785	1947	2614	943	1240	1119	1437	493	1356	1953	975	1998	854	1004	1201	1058	341	1189	1324	1493	1995	1338	1458	1197	1453	938	922	2910	909	576	1814
id83o21C3.2	5040	3811	8800	1243	825	2295	2454	1397	2793	7211	3416	959	4747	4029	3039	4960	1218	3867	2829	1656	5473	8413	2953	3597	3054	4053	3129	2852	2630	1763	1956	2057	638	814	3316	405	829	1146	660	2629	3481	3382	2987	1803	1889	1884	1409	857
id84o21C8.2	1088	3196	3037	704	1215	2699	5678	1883	3053	12469	6796	1133	11543	6534	3918	5926	3453	5163	3780	1618	4258	10660	3406	2641	1797	1764	2256	3540	2753	7938	7188	2034	611	4544	4926	422	744	1330	629	2629	2678	1517	1928	1780	1499	5686	2843	686
id85o21E1.1	1369	4110	3399	1100	2047	5181	4102	1318	4789	2625	2770	3004	3487	9451	6251	2180	3794	4976	3156	3230	6498	2827	1161	2857	428	1991	1417	417	3560	389	448	3027	843	200	1565	1286	1381	2741	888	3109	1424	2534	1092	801	2743	417	411	2017
id86o21G4.1	780	1567	2350	1023	554	809	2080	658	1430	1132	2356	923	4171	4068	1515	1116	1448	1063	1022	993	2348	3322	848	766	624	859	975	1207	1545	896	893	667	592	454	1075	748	438	1111	343	969	899	879	659	597	1000	1055	594	487
id87o21G6.1	2295	393	466	2772	4268	1544	1745	3904	6843	1194	720	3114	1960	2643	1764	1453	918	291	330	846	981	3147	934	487	356	1415	1134	270	973	358	361	408	1583	156	439	3375	2539	817	1682	447	1040	448	923	737	1143	344	420	786
id88o22C2.2	6052	4454	7029	12508	10116	6751	12204	21852	38188	15125	11201	21511	14998	17587	13586	12196	10461	11915	9314	8160	15758	26780	6413	8019	5025	9870	7673	7987	7757	7159	5460	6055	2777	2019	4408	6359	6545	4862	5901	6968	4342	5245	4259	4213	2637	3668	3329	3702
id89o22C5.1	0	101	143	0	13	465	163	0	0	12	115	0	508	828	32	7	44	56	71	0	219	81	135	150	111	120	233	198	396	176	234	154	141	93	180	55	214	304	106	186	381	216	148	79	291	97	145	93
id90o22F1.1	756	821	1008	630	989	1158	1091	937	1147	629	1387	1501	1926	2329	1557	1105	820	1082	789	451	720	994	708	919	478	802	623	676	699	768	895	638	490	381	990	707	678	538	505	647	914	902	662	573	948	1311	771	578
id91o22F10.1	2891	1818	2402	4334	5265	4677	4535	8319	16842	7101	3291	8494	4548	6508	4830	3734	2894	3784	1501	1557	4312	7917	1704	2285	895	4348	2256	1062	2653	1218	830	1635	1673	511	1009	3715	3550	1960	2565	1999	2540	2425	2452	2523	1975	855	782	1827
id92o22G10.2	584	320	254	18	898	927	1064	637	2167	544	946	1119	1246	1566	1518	685	623	479	841	374	1343	1268	554	584	330	689	490	233	598	257	376	423	464	158	437	474	633	365	351	320	583	554	482	327	942	398	357	467
id93o22G11.1	881	1444	1671	1656	1960	4445	4295	3227	6274	10143	3858	2981	4369	6082	5339	6055	3547	4379	1523	1951	3787	11126	2287	2320	4373	6427	3613	6927	3156	6131	3825	1537	819	2716	3793	1331	1995	2902	1178	2155	3347	2537	3246	3766	1905	3407	2975	3065
id94o23A2.2	1692	4781	4996	2692	2222	3616	5100	4681	7743	27611	16278	4610	20021	7153	4403	15615	4236	8832	4498	3091	6226	32686	8166	5032	6401	9526	6514	12889	3654	16610	11458	3462	801	6382	13217	2234	1731	2530	1577	5857	8010	5230	6272	7639	1332	15460	10030	2237
id95o23C11.2	8	116	116	0	124	551	598	14	138	152	262	0	466	729	491	198	72	29	66	0	245	76	199	164	223	184	241	209	797	226	235	178	140	126	387	120	170	177	115	167	350	159	231	120	586	212	233	138
id96o23D9.2	0	285	235	0	0	485	315	0	311	544	714	46	834	925	548	362	56	121	200	72	740	601	238	223	300	407	265	254	336	327	309	231	124	201	400	107	158	282	93	221	405	328	248	157	340	301	316	191
id97o23E12.1	993	1645	1542	904	1297	2565	3061	2333	5362	4716	2353	2026	2614	3299	3053	2447	1720	3134	1131	628	3726	4551	1135	1703	1372	2309	1368	1665	1736	1844	1179	1309	605	870	1287	932	1135	1328	779	1785	1700	2103	1611	1518	1561	1208	1308	1334
id98o23E8.1	347	689	1011	472	472	1165	1424	569	1408	2175	1773	509	1838	1889	1548	2058	734	1104	551	461	2210	4290	848	592	928	1378	1222	1568	2380	1099	731	577	232	387	823	423	593	983	392	886	1234	936	1393	1246	1191	998	903	602
id99o23E9.1	99	171	218	84	133	363	510	411	1323	439	722	592	758	996	729	400	99	64	151	100	550	706	141	144	225	368	244	220	352	276	262	220	245	137	369	325	309	283	256	258	431	372	316	227	244	115	147	112
